6
34
41
221
239
262
327
377
467
492
507
525
529
552
590
625
641
678
683
686
719
721
759
764
788
798
833
853
861
880
898
906
922
953
984
1013
1022
1102
1110
1136
1141
1163
1202
1206
1231
1269
1309
1318
1345
1363
1387
1408
1425
1477
1503
1507
1536
1600
1608
1613
1619
1636
1668
1695
1718
1761
1776
1825
1846
1890
1896
1943
2012
2015
2023
2043
2070
2073
2074
2079
2098
2153
2193
2218
2229
2253
2256
2322
2423
2524
2537
2552
2562
2661
2703
2740
2756
2811
2877
2924
2928
2929
2938
3000
3053
3058
3091
3112
3195
3197
3221
3264
3316
3328
3349
3360
3401
3435
3438
3462
3497
3555
3606
3639
3646
3653
3663
3668
3704
3720
3759
3833
3835
3856
3872
3875
3904
3954
3969
3997
4016
4034
4063
4068
4106
4130
4161
4182
4185
4210
4247
4284
4294
4304
4307
4365
4394
4461
4478
4507
4514
4542
4552
4564
4581
4604
4711
4721
4789
4804
4811
4815
4834
4866
4895
4907
4925
4929
4944
4971